# Created by Octave 4.0.3, Sat Nov 25 21:28:17 2017 CST <yg@YGdeMacBook-Pro.local>
# name: partW
# type: matrix
# rows: 1
# columns: 10
 -5.929617259896637 -6.35991320724968 -10.02231931801062 -13.79701252898463 -1.501843492013385 -7.233066563326483 -8.020087736296464 -6.440637443320917 -7.690436237592001 -7.679577082683447


